[MAPDATA_TEXT_OUTPUT]
MAPDATA_EXIST=1
TILESET_ID=8
MAP_WIDTH=75
MAP_HEIGHT=35
MAPLAYER=3
[--MAP_START--]
[MAPLAYER_1_START]
2213,2163,2001,2001,2001,2001,2001,2001,2005,2228,2227,2228,2202,2203,2205,2188,2188,2188,2188,2181,2205,2188,2188,2188,2188,2181,2205,2188,2188,2188,2188,2181,2196,2176,2177,2176,2181,2196,2176,2177,2176,2181,2243,2243,2243,2243,2188,2188,2181,2205,2188,2188,2188,2188,2181,2243,2188,2188,2188,2188,2202,2203,2236,2235,2236,2003,2004,2004,2004,2004,2004,2004,2004,2165,2213,
2213,2163,2001,2001,2001,2001,2001,2001,2005,2236,2235,2236,2202,2203,2196,2176,2177,2176,2177,2181,2196,2176,2177,2176,2177,2181,2196,2176,2177,2176,2177,2181,2197,2184,2185,2184,2181,2197,2184,2185,2184,2181,2243,2196,2196,2196,2176,2177,2181,2196,2176,2177,2176,2177,2181,2243,2176,2177,2176,2177,2202,2203,2228,2227,2228,2003,2004,2004,2004,2004,2004,2004,2004,2165,2213,
2213,2163,2001,2001,2001,2001,2001,2001,2005,2228,2227,2228,2202,2203,2197,2184,2185,2184,2185,2181,2197,2184,2185,2184,2185,2181,2197,2184,2185,2184,2185,2181,2205,2180,2180,2180,2181,2205,2180,2180,2180,2181,2243,2197,2197,2197,2184,2185,2181,2197,2184,2185,2184,2185,2181,2243,2184,2185,2184,2185,2202,2203,2236,2235,2236,2003,2004,2004,2004,2004,2004,2004,2004,2165,2213,
2213,2163,2001,2001,2001,2001,2001,2001,2005,2236,2235,2236,2202,2203,2205,2180,2180,2180,2180,2181,2205,2180,2180,2180,2180,2181,2243,2180,2180,2180,2180,2181,2205,2188,2188,2188,2181,2205,2188,2188,2188,2181,2243,2243,2243,2243,2180,2180,2181,2243,2180,2180,2180,2180,2181,2243,2180,2180,2180,2180,2202,2203,2228,2227,2228,2003,2004,2004,2004,2004,2004,2004,2004,2165,2213,
2213,2163,2001,2001,2001,2001,2001,2001,2005,2228,2227,2228,2202,2203,2205,2188,2188,2188,2188,2181,2205,2188,2188,2188,2188,2181,2243,2188,2188,2188,2188,2181,2196,2176,2177,2176,2181,2196,2176,2177,2176,2181,2243,2243,2243,2243,2188,2188,2181,2243,2188,2188,2188,2188,2181,2243,2188,2188,2188,2188,2202,2203,2236,2235,2236,2003,2004,2004,2004,2004,2004,2004,2004,2165,2213,
2213,2163,2001,2001,2001,2001,2001,2001,2005,2236,2235,2236,2202,2203,2196,2176,2177,2176,2177,2181,2196,2176,2177,2176,2177,2181,2196,2176,2177,2176,2177,2181,2197,2184,2185,2184,2181,2197,2184,2185,2184,2181,2243,2196,2196,2196,2176,2177,2181,2196,2176,2177,2176,2177,2181,2243,2176,2177,2176,2177,2202,2203,2228,2227,2228,2003,2004,2004,2004,2004,2004,2004,2004,2165,2213,
2213,2163,2001,2001,2001,2001,2001,2001,2005,2228,2227,2228,2202,2203,2197,2184,2185,2184,2185,2181,2197,2184,2185,2184,2185,2181,2197,2184,2185,2184,2185,2181,2205,2180,2180,2180,2181,2205,2180,2180,2180,2181,2243,2197,2197,2197,2184,2185,2181,2197,2184,2185,2184,2185,2181,2243,2184,2185,2184,2185,2202,2203,2236,2235,2236,2003,2004,2004,2004,2004,2004,2004,2004,2165,2213,
2213,2163,2001,2001,2001,2001,2001,2001,2005,2236,2235,2236,2202,2203,2243,2186,2186,2186,2186,2181,2243,2186,2186,2186,2186,2181,2243,2186,2186,2186,2186,2181,2211,2209,2209,2209,2189,2219,2209,2209,2210,2181,2243,2243,2243,2243,2186,2186,2181,2243,2186,2186,2186,2186,2181,2243,2186,2186,2186,2186,2202,2203,2228,2227,2228,2003,2004,2004,2004,2004,2004,2004,2004,2165,2213,
2213,2163,2012,2012,2012,2012,2012,2012,2013,2228,2227,2228,2202,2203,2195,2194,2194,2194,2194,2189,2195,2194,2194,2194,2194,2189,2195,2194,2194,2194,2194,2181,2216,2217,2217,2217,2217,2217,2217,2217,2218,2212,2194,2194,2194,2194,2194,2194,2189,2195,2194,2194,2194,2194,2189,2195,2194,2194,2194,2194,2202,2203,2236,2235,2236,2011,2012,2012,2012,2012,2012,2012,2012,2165,2213,
2213,2163,2036,2036,2036,2036,2036,2036,2036,2236,2235,2236,2235,2236,2235,2236,2235,2236,2235,2236,2235,2236,2235,2236,2235,2236,2235,2236,2235,2236,2235,2181,2178,2178,2178,2178,2181,2178,2178,2178,2178,2243,2235,2235,2235,2235,2235,2236,2235,2236,2235,2236,2235,2236,2235,2236,2235,2236,2235,2236,2235,2236,2235,2236,2235,2025,2025,2025,2025,2025,2025,2025,2025,2165,2213,
2213,2163,1996,1996,2059,2060,2090,2005,2020,2228,2227,2228,2227,2228,2227,2228,2227,2228,2227,2228,2227,2228,2227,2228,2227,2228,2227,2228,2227,2228,2227,2181,2178,2178,2178,2178,2181,2178,2178,2178,2178,2181,2227,2227,2227,2227,2227,2228,2227,2228,2227,2228,2227,2228,2227,2228,2227,2228,2227,2228,2227,2228,2227,2228,2227,2033,1995,1996,2088,2089,2061,1997,2033,2165,2213,
2213,2163,2004,2004,2067,2068,2098,2005,2020,2236,2235,2236,2235,2236,2235,2236,2235,2236,2235,2236,2235,2236,2235,2236,2235,2236,2235,2236,2235,2236,2235,2189,2178,2178,2178,2178,2189,2178,2178,2178,2178,2189,2235,2235,2235,2235,2235,2236,2235,2236,2235,2236,2235,2236,2235,2236,2235,2236,2235,2236,2235,2236,2235,2236,2235,2033,2003,2004,2096,2097,2069,2005,2033,2165,2213,
2213,2163,2004,2004,2075,2076,2106,2005,2020,2228,2227,2228,2227,2228,2227,2228,2227,2228,2227,2228,2227,2228,2227,2228,2227,2228,2227,2228,2227,2228,2227,2228,2227,2228,2227,2228,2227,2228,2227,2228,2227,2228,2227,2228,2227,2228,2227,2228,2227,2228,2227,2228,2227,2228,2227,2228,2227,2228,2227,2228,2227,2228,2227,2228,2227,2033,2003,2004,2104,2105,2077,2005,2033,2165,2213,
2213,2163,2004,2004,2004,2004,2004,2005,2020,2236,2235,2236,2235,2236,2235,2236,2235,2236,2235,2236,2235,2236,2235,2236,2235,2236,2235,2236,2235,2236,2235,2236,2235,2236,2235,2236,2235,2236,2235,2236,2235,2236,2235,2236,2235,2236,2235,2236,2235,2236,2235,2236,2235,2236,2235,2236,2235,2236,2235,2236,2235,2236,2235,2236,2235,2033,2003,2004,2004,2004,2004,2005,2033,2165,2213,
2213,2163,2004,2004,2004,2004,2004,2005,2020,2228,2227,2228,2227,2228,2227,2228,2227,2228,2227,2228,2227,2228,2227,2228,2227,2228,2227,2228,2227,2228,2227,2228,2227,2228,2227,2228,2227,2228,2227,2228,2227,2228,2227,2228,2227,2228,2227,2228,2227,2228,2227,2228,2227,2228,2227,2228,2227,2228,2227,2228,2227,2228,2227,2228,2227,2033,2003,2004,2004,2004,2004,2005,2033,2165,2213,
2213,2163,2004,2004,2088,2060,2090,2005,2020,2236,2235,2236,2235,2236,2235,2236,2235,2236,2235,2236,2235,2236,2235,2236,2235,2236,2235,2236,2235,2236,2235,2236,2235,2236,2235,2236,2235,2236,2235,2236,2235,2236,2235,2236,2235,2236,2235,2236,2235,2236,2235,2236,2235,2236,2235,2236,2235,2236,2235,2236,2235,2236,2235,2236,2235,2033,2003,2004,2059,2089,2061,2005,2033,2165,2213,
2213,2163,2004,2004,2096,2068,2098,2005,2020,2228,2227,2228,2227,2228,2227,2228,2227,2228,2227,2228,2227,2228,2227,2228,2227,2228,2227,2228,2227,2228,2227,2228,2227,2228,2227,2228,2227,2228,2227,2228,2227,2228,2227,2228,2227,2228,2227,2228,2227,2228,2227,2228,2227,2228,2227,2228,2227,2228,2227,2228,2227,2228,2227,2228,2227,2033,2003,2004,2067,2097,2069,2005,2033,2165,2213,
2213,2163,2012,2012,2104,2076,2106,2013,2020,2236,2235,2236,2235,2236,2235,2236,2235,2236,2235,2236,2235,2236,2235,2236,2235,2236,2235,2236,2235,2236,2235,2236,2235,2236,2235,2236,2235,2236,2235,2236,2235,2236,2235,2236,2235,2236,2235,2236,2235,2236,2235,2236,2235,2236,2235,2236,2235,2236,2235,2236,2235,2236,2235,2236,2235,2033,2011,2012,2075,2105,2077,2005,2033,2165,2213,
2213,2163,2020,2020,2020,2020,2020,2020,2020,2228,2227,2228,2227,2228,2227,2228,2227,2228,2227,2228,2227,2228,2227,2228,2227,2228,2227,2228,2227,2228,2227,2228,2227,2228,2227,2228,2227,2228,2227,2228,2227,2228,2227,2228,2227,2228,2227,2228,2227,2228,2227,2228,2227,2228,2227,2228,2227,2228,2227,2228,2227,2228,2227,2228,2227,2033,2033,2033,2033,2033,2033,2033,2033,2165,2213,
2213,2163,1996,1996,1996,1996,1996,1996,1997,2236,2235,2236,2235,2236,2235,2236,2235,2236,2235,2236,2235,2236,2235,2236,2235,2236,2235,2236,2235,2236,2235,2236,2235,2236,2235,2236,2235,2236,2235,2236,2235,2236,2235,2236,2235,2236,2235,2236,2235,2236,2235,2236,2235,2236,2235,2236,2235,2236,2235,2236,2235,2236,2235,2236,2235,1995,1996,1996,1996,1996,1996,1996,1996,2165,2213,
2213,2163,2004,2004,2004,2004,2004,2004,2005,2228,2227,2228,2227,2228,2227,2228,2227,2228,2227,2228,2227,2228,2227,2228,2227,2228,2227,2228,2227,2228,2227,2228,2227,2228,2227,2228,2227,2228,2227,2228,2227,2228,2227,2228,2227,2228,2227,2228,2227,2228,2227,2228,2227,2228,2227,2228,2227,2228,2227,2228,2227,2228,2227,2228,2227,2003,2004,2004,2004,2004,2004,2004,2004,2165,2213,
2213,2163,2004,2004,2004,2004,2004,2004,2005,2236,2235,2236,2235,2236,2235,2236,2235,2236,2235,2236,2235,2236,2235,2236,2235,2236,2235,2236,2235,2236,2235,2236,2235,2236,2235,2236,2235,2236,2235,2236,2235,2236,2235,2236,2235,2236,2235,2236,2235,2236,2235,2236,2235,2236,2235,2236,2235,2236,2235,2236,2235,2236,2235,2236,2235,2003,2004,2004,2004,2004,2004,2004,2004,2165,2213,
2213,2163,2004,2004,2004,2004,2004,2004,2005,2228,2227,2228,2227,2228,2227,2228,2227,2228,2227,2228,2227,2228,2227,2228,2227,2228,2227,2228,2227,2228,2227,2228,2227,2228,2227,2228,2227,2228,2227,2228,2227,2228,2227,2228,2227,2228,2227,2228,2227,2228,2227,2228,2227,2228,2227,2228,2227,2228,2227,2228,2227,2228,2227,2228,2227,2003,2004,2004,2004,2004,2004,2004,2004,2165,2213,
2213,2163,2004,2004,2004,2004,2004,2004,2005,2236,2235,2236,2235,2236,2235,2236,2235,2236,2235,2236,2235,2236,2235,2236,2235,2236,2235,2236,2235,2236,2235,2236,2235,2236,2235,2236,2235,2236,2235,2236,2235,2236,2235,2236,2235,2236,2235,2236,2235,2236,2235,2236,2235,2236,2235,2236,2235,2236,2235,2236,2235,2236,2235,2236,2235,2003,2004,2004,2004,2004,2004,2004,2004,2165,2213,
2213,2163,2004,2004,2004,2004,2004,2004,2005,2228,2227,2228,2227,2228,2227,2228,2227,2228,2227,2228,2227,2228,2227,2228,2227,2228,2227,2228,2227,2228,2227,2228,2227,2228,2227,2228,2227,2228,2227,2228,2227,2228,2227,2228,2227,2228,2227,2228,2227,2228,2227,2228,2227,2228,2227,2228,2227,2228,2227,2228,2227,2228,2227,2228,2227,2003,2004,2004,2004,2004,2004,2004,2004,2165,2213,
2213,2163,2004,2004,2004,2004,2004,2004,2005,2236,2235,2236,2235,2236,2235,2236,2235,2236,2235,2236,2235,2236,2235,2236,2235,2236,2235,2236,2235,2236,2235,2236,2235,2236,2235,2236,2235,2236,2235,2236,2235,2236,2235,2236,2235,2236,2235,2236,2235,2236,2235,2236,2235,2236,2235,2236,2235,2236,2235,2236,2235,2236,2235,2236,2235,2003,2004,2004,2004,2004,2004,2004,2004,2165,2213,
2213,2163,2004,2004,2004,2004,2004,2004,2005,2228,2227,2228,2227,2228,2227,2228,2227,2228,2227,2228,2227,2228,2227,2228,2227,2228,2227,2228,2227,2228,2227,2228,2227,2228,2227,2228,2227,2228,2227,2228,2227,2228,2227,2228,2227,2228,2227,2228,2227,2228,2227,2228,2227,2228,2227,2228,2227,2228,2227,2228,2227,2228,2227,2228,2227,2003,2004,2004,2004,2004,2004,2004,2004,2165,2213,
2213,2163,2004,2004,2004,2004,2004,2004,2005,2236,2235,2236,2235,2236,2235,2236,2235,2236,2235,2236,2235,2236,2235,2236,2235,2236,2235,2236,2235,2236,2235,2236,2235,2236,2235,2236,2235,2236,2235,2236,2235,2236,2235,2236,2235,2236,2235,2236,2235,2236,2235,2236,2235,2236,2235,2236,2235,2236,2235,2236,2235,2236,2235,2236,2235,2003,2004,2004,2004,2004,2004,2004,2004,2165,2213,
2213,2163,2004,2004,2004,2004,2004,2004,2005,2228,2227,2228,2227,2228,2227,2228,2227,2228,2227,2228,2227,2228,2227,2228,2227,2228,2227,2228,2227,2228,2227,2228,2227,2228,2227,2228,2227,2228,2227,2228,2227,2228,2227,2228,2227,2228,2227,2228,2227,2228,2227,2228,2227,2228,2227,2228,2227,2228,2227,2228,2227,2228,2227,2228,2227,2003,2004,2004,2004,2004,2004,2004,2004,2165,2213,
2213,2163,2012,2012,2012,2012,2012,2012,2013,2235,2235,2235,2235,2235,2235,2235,2235,2235,2235,2235,2235,2235,2235,2235,2235,2235,2235,2235,2235,2235,2235,2235,2235,2236,2235,2236,2235,2236,2235,2236,2235,2235,2235,2235,2235,2235,2235,2235,2235,2235,2235,2235,2235,2235,2235,2235,2235,2235,2235,2235,2235,2235,2235,2235,2235,2011,2012,2012,2012,2012,2012,2012,2012,2165,2213,
2213,2171,2036,2036,2036,2036,2036,2036,2036,2235,2235,2235,2235,2235,2235,2235,2235,2235,2235,2235,2235,2235,2235,2235,2235,2235,2235,2235,2235,2235,2235,2235,2235,2227,2228,2227,2228,2227,2228,2227,2235,2235,2235,2235,2235,2235,2235,2235,2235,2235,2235,2235,2235,2235,2235,2235,2235,2235,2235,2235,2235,2235,2235,2235,2235,2036,2036,2036,2036,2036,2036,2036,2036,2173,2213,
2213,2249,2203,2203,2203,2203,2203,2203,2203,2203,2203,2203,2203,2203,2203,2203,2203,2203,2203,2203,2203,2203,2203,2203,2203,2203,2203,2203,2203,2203,2203,2203,2203,2235,2236,2235,2236,2235,2236,2235,2203,2203,2203,2203,2203,2203,2203,2203,2203,2203,2203,2203,2203,2203,2203,2203,2203,2203,2203,2203,2203,2203,2203,2203,2203,2203,2203,2203,2203,2203,2203,2203,2203,2249,2213,
2213,2257,2257,2257,2257,2257,2257,2257,2257,2257,2257,2257,2257,2257,2257,2257,2257,2257,2257,2257,2257,2257,2257,2257,2257,2257,2257,2256,2256,2256,2256,2256,2353,2227,2228,2227,2228,2227,2228,2227,2352,2256,2256,2256,2256,2256,2256,2256,2256,2256,2256,2256,2256,2256,2256,2256,2256,2256,2257,2257,2257,2257,2257,2257,2257,2257,2257,2257,2257,2257,2257,2257,2257,2257,2213,
2213,2213,2213,2213,2213,2213,2213,2213,2213,2213,2213,2213,2213,2213,2213,2213,2213,2213,2213,2213,2213,2213,2213,2213,2213,2213,2213,2213,2213,2213,2213,2213,2361,2213,2213,2213,2213,2213,2213,2213,2360,2213,2213,2213,2213,2213,2213,2213,2213,2213,2213,2213,2213,2213,2213,2213,2213,2213,2213,2213,2213,2213,2213,2213,2213,2213,2213,2213,2213,2213,2213,2213,2213,2213,2213,
2213,2213,2213,2213,2213,2213,2213,2213,2213,2213,2213,2213,2213,2213,2213,2213,2213,2213,2213,2213,2213,2213,2213,2213,2213,2213,2213,2213,2213,2213,2213,2213,2213,2213,2213,2213,2213,2213,2213,2213,2213,2213,2213,2213,2213,2213,2213,2213,2213,2213,2213,2213,2213,2213,2213,2213,2213,2213,2213,2213,2213,2213,2213,2213,2213,2213,2213,2213,2213,2213,2213,2213,2213,2213,2213,
[MAPLAYER_1_END]
[MAPLAYER_2_START]
104444,104141,2205,2441,2442,101414,104444,104444,104444,104444,104444,104444,104444,104444,104444,104444,104444,104444,104444,104444,104444,104444,104444,104444,104444,104444,104444,104444,104444,104444,104444,104444,104444,104444,104444,104444,104444,104444,104444,104444,104444,104444,104444,104444,104444,104444,104444,104444,104444,104444,104444,104444,104444,104444,104444,104444,104444,104444,104444,104444,104444,104141,2205,2205,2205,101414,104444,104444,104444,104141,2440,2441,2442,101111,2205,
104444,104141,2205,2449,2450,101414,104444,104444,104444,104444,104444,104444,104444,104444,104444,104444,104444,104444,104444,104444,104444,104444,104444,104444,104444,104444,104444,104444,104444,104444,104444,104444,104444,104444,104444,104444,104444,104444,104444,104444,104444,104444,104444,104444,104444,104444,104444,104444,104444,104444,104444,104444,104444,104444,104444,104444,104444,104444,104444,104444,104444,104141,2205,2205,2205,101414,104444,104444,104444,104141,2448,2449,2450,101111,2205,
104444,104141,2205,2457,2458,101414,104444,104444,104444,104444,104444,104444,104444,104444,104444,104444,104444,104444,104444,104444,104444,104444,104444,104444,104444,104444,104444,104444,104444,104444,104444,104444,104444,104444,104444,104444,104444,104444,104444,104444,104444,104444,104444,104444,104444,104444,104444,104444,104444,104444,104444,104444,104444,104444,104444,104444,104444,104444,104444,104444,104444,104141,2205,2205,2205,101414,104444,104444,104444,104141,2456,2457,2458,101111,2205,
104444,104141,2205,2465,2466,101414,104444,104444,104444,104444,104444,104444,104444,104444,104444,104444,104444,104444,104444,104444,104444,104444,104444,104444,104444,104444,104444,104444,104444,104444,104444,104444,104444,104444,104444,104444,104444,104444,104444,104444,104444,104444,104444,104444,104444,104444,104444,104444,104444,104444,104444,104444,104444,104444,104444,104444,104444,104444,104444,104444,104444,104141,2205,2205,2205,101414,104444,104444,104444,104141,2464,2465,2466,101111,2205,
104444,104141,2205,2433,2434,101414,104444,104444,104444,104444,104444,104444,104444,104444,104444,104444,104444,104444,104444,104444,104444,104444,104444,104444,104444,104444,104444,104444,104444,104444,104444,104444,104444,104444,104444,104444,104444,104444,104444,104444,104444,104444,104444,104444,104444,104444,104444,104444,104444,104444,104444,104444,104444,104444,104444,104444,104444,104444,104444,104444,104444,104141,2205,2205,2205,101414,104444,104444,104444,104141,2432,2433,2434,101111,2205,
104444,104141,2205,2441,2442,101414,104444,104444,104444,104444,104444,104444,104444,104444,104444,104444,104444,104444,104444,104444,104444,104444,104444,104444,104444,104444,104444,104444,104444,104444,104444,104444,104444,104444,104444,104444,104444,104444,104444,104444,104444,104444,104444,104444,104444,104444,104444,104444,104444,104444,104444,104444,104444,104444,104444,104444,104444,104444,104444,104444,104444,104141,2205,2205,2205,101414,104444,104444,104444,104141,2440,2441,2442,101111,2205,
104444,104141,2205,2449,2450,101414,104444,104444,104444,104444,104444,104444,104444,104444,104444,104444,104444,104444,104444,104444,104444,104444,104444,104444,104444,104444,104444,104444,104444,104444,104444,104444,104444,104444,104444,104444,104444,104444,104444,104444,104444,104444,104444,104444,104444,104444,104444,104444,104444,104444,104444,104444,104444,104444,104444,104444,104444,104444,104444,104444,104444,104141,2205,2205,2204,101414,104444,104444,104444,104141,2448,2449,2450,101111,2205,
104444,104141,2205,2457,2458,101414,104444,104444,104444,104444,104444,104444,104444,104444,104444,104444,104444,104444,104444,104444,104444,104444,104444,104444,104444,104444,104444,104444,104444,104444,104444,104444,104444,104444,104444,104444,104444,104444,104444,104444,104444,104443,104422,104422,104422,104422,104434,104444,104444,104444,104444,104444,104444,104444,104444,104444,104444,104444,104444,104444,104444,104141,2205,2204,2235,101414,104444,104444,104444,104141,2456,2457,2458,101111,2205,
104444,104141,2205,2465,2466,101414,104444,104444,104444,104444,104444,104444,104444,104444,104444,104444,104444,104444,104444,104444,104444,104444,104444,104444,104444,104444,104444,104444,104444,104444,104444,104443,104422,104422,104422,104422,104422,104422,104422,104422,104422,104131,2205,2205,2205,2195,101414,104444,104444,104444,104444,104444,104444,104444,104444,104444,104444,104444,104444,104444,104444,104141,2204,2228,2227,101414,104444,104444,104444,104141,2464,2465,2466,101111,2205,
104444,104141,2205,100214,102244,103444,104444,104444,104444,104444,104444,104444,104444,104444,104444,104444,104444,104444,104444,104444,104444,104444,104444,104444,104444,104444,104444,104444,104444,104444,104444,104141,2205,2205,2205,2205,2243,2205,2205,2205,2205,101111,2205,2205,2204,2236,101414,104444,104444,104444,104444,104444,104444,104444,104444,104444,104444,104444,104444,104444,104444,104344,102244,102244,102244,103444,104444,104444,104444,104344,102244,102244,102244,103141,2205,
104444,104141,2205,101414,104444,104444,104444,104444,104444,104444,104444,104444,104444,104444,104444,104444,104444,104444,104444,104444,104444,104444,104444,104444,104444,104444,104444,104444,104444,104444,104444,104141,2205,2205,2205,2205,100011,2205,2205,2205,2205,101111,2205,2204,2227,100214,103444,104444,104444,104444,104444,104444,104444,104444,104444,104444,104444,104444,104444,104444,104444,104444,104444,104444,104444,104444,104444,104444,104444,104444,104444,104444,104444,104141,2205,
104444,104141,2205,101414,104444,104444,104444,104444,104444,104444,104444,104444,104444,104444,104444,104444,104444,104444,104444,104444,104444,104444,104444,104444,104444,104444,104444,104444,104444,104444,104444,104141,2219,100202,102222,102222,103131,2219,100202,102222,102222,103131,2204,2236,100214,103444,104444,104444,104444,104444,104444,104444,104444,104444,104444,104444,104444,104444,104444,104444,104444,104444,104444,104444,104444,104444,104444,104444,104444,104444,104444,104444,104444,104141,2205,
104444,104141,2205,101414,104444,104444,104444,104444,104444,104444,104444,104444,104444,104444,104444,104444,104444,104444,104444,104444,104444,104444,104444,104444,104444,104444,104444,104444,104444,104444,104444,104141,2369,2370,2370,2371,101111,2369,2370,2370,2371,101314,102244,102244,103444,104444,104444,104444,104444,104444,104444,104444,104444,104444,104444,104444,104444,104444,104444,104444,104444,104444,104444,104444,104444,104444,104444,104444,104444,104444,104444,104444,104444,104141,2205,
104444,104141,2205,101414,104444,104444,104444,104444,104444,104444,104444,104444,104444,104444,104444,104444,104444,104444,104444,104444,104444,104444,104444,104444,104444,104444,104444,104444,104444,104444,104444,104344,102244,102244,102244,102244,103344,102244,102244,102244,102244,103444,104444,104444,104444,104444,104444,104444,104444,104444,104444,104444,104444,104444,104444,104444,104444,104444,104444,104444,104444,104444,104444,104444,104444,104444,104444,104444,104444,104444,104444,104444,104444,104141,2205,
104444,104141,2205,101414,104444,104444,104444,104444,104444,104444,104444,104444,104444,104444,104444,104444,104444,104444,104444,104444,104444,104444,104444,104444,104444,104444,104444,104444,104444,104444,104444,104444,104444,104444,104444,104444,104444,104444,104444,104444,104444,104444,104444,104444,104444,104444,104444,104444,104444,104444,104444,104444,104444,104444,104444,104444,104444,104444,104444,104444,104444,104444,104444,104444,104444,104444,104444,104444,104444,104444,104444,104444,104444,104141,2205,
104444,104141,2205,101414,104444,104444,104444,104444,104444,104444,104444,104444,104444,104444,104444,104444,104444,104444,104444,104444,104444,104444,104444,104444,104444,104444,104444,104444,104444,104444,104444,104444,104444,104444,104444,104444,104444,104444,104444,104444,104444,104444,104444,104444,104444,104444,104444,104444,104444,104444,104444,104444,104444,104444,104444,104444,104444,104444,104444,104444,104444,104444,104444,104444,104444,104444,104444,104444,104444,104444,104444,104444,104444,104141,2205,
104444,104141,2205,101414,104444,104444,104444,104444,104444,104444,104444,104444,104444,104444,104444,104444,104444,104444,104444,104444,104444,104444,104444,104444,104444,104444,104444,104444,104444,104444,104444,104444,104444,104444,104444,104444,104444,104444,104444,104444,104444,104444,104444,104444,104444,104444,104444,104444,104444,104444,104444,104444,104444,104444,104444,104444,104444,104444,104444,104444,104444,104444,104444,104444,104444,104444,104444,104444,104444,104444,104444,104444,104444,104141,2205,
104444,104141,2205,101414,104444,104444,104444,104444,104444,104444,104444,104444,104444,104444,104444,104444,104444,104444,104444,104444,104444,104444,104444,104444,104444,104444,104444,104444,104444,104444,104444,104444,104444,104444,104444,104444,104444,104444,104444,104444,104444,104444,104444,104444,104444,104444,104444,104444,104444,104444,104444,104444,104444,104444,104444,104444,104444,104444,104444,104444,104444,104444,104444,104444,104444,104444,104444,104444,104444,104444,104444,104444,104444,104141,2205,
104444,104141,2205,101414,104444,104444,104444,104444,104444,104444,104444,104444,104444,104444,104444,104444,104444,104444,104444,104444,104444,104444,104444,104444,104444,104444,104444,104444,104444,104444,104444,104444,104444,104444,104444,104444,104444,104444,104444,104444,104444,104444,104444,104444,104444,104444,104444,104444,104444,104444,104444,104444,104444,104444,104444,104444,104444,104444,104444,104444,104444,104444,104444,104444,104444,104444,104444,104444,104444,104444,104444,104444,104444,104141,2205,
104444,104141,2205,101414,104444,104444,104444,104444,104444,104444,104444,104444,104444,104444,104444,104444,104444,104444,104444,104444,104444,104444,104444,104444,104444,104444,104444,104444,104444,104444,104444,104444,104444,104444,104444,104444,104444,104444,104444,104444,104444,104444,104444,104444,104444,104444,104444,104444,104444,104444,104444,104444,104444,104444,104444,104444,104444,104444,104444,104444,104444,104444,104444,104444,104444,104444,104444,104444,104444,104444,104444,104444,104444,104141,2205,
104444,104141,2205,101414,104444,104444,104444,104444,104444,104444,104444,104444,104444,104444,104444,104444,104444,104444,104444,104444,104444,104444,104444,104444,104444,104444,104444,104444,104444,104444,104444,104444,104444,104444,104444,104444,104444,104444,104444,104444,104444,104444,104444,104444,104444,104444,104444,104444,104444,104444,104444,104444,104444,104444,104444,104444,104444,104444,104444,104444,104444,104444,104444,104444,104444,104444,104444,104444,104444,104444,104444,104444,104444,104141,2205,
104444,104141,2205,101414,104444,104444,104444,104444,104444,104444,104444,104444,104444,104444,104444,104444,104444,104444,104444,104444,104444,104444,104444,104444,104444,104444,104444,104444,104444,104444,104444,104444,104444,104444,104444,104444,104444,104444,104444,104444,104444,104444,104444,104444,104444,104444,104444,104444,104444,104444,104444,104444,104444,104444,104444,104444,104444,104444,104444,104444,104444,104444,104444,104444,104444,104444,104444,104444,104444,104444,104444,104444,104444,104141,2205,
104444,104141,2205,101414,104444,104444,104444,104444,104444,104444,104444,104444,104444,104444,104444,104444,104444,104444,104444,104444,104444,104444,104444,104444,104444,104444,104444,104444,104444,104444,104444,104444,104444,104444,104444,104444,104444,104444,104444,104444,104444,104444,104444,104444,104444,104444,104444,104444,104444,104444,104444,104444,104444,104444,104444,104444,104444,104444,104444,104444,104444,104444,104444,104444,104444,104444,104444,104444,104444,104444,104444,104444,104444,104141,2205,
104444,104141,2205,101414,104444,104444,104444,104444,104444,104444,104444,104444,104444,104444,104444,104444,104444,104444,104444,104444,104444,104444,104444,104444,104444,104444,104444,104444,104444,104444,104444,104444,104444,104444,104444,104444,104444,104444,104444,104444,104444,104444,104444,104444,104444,104444,104444,104444,104444,104444,104444,104444,104444,104444,104444,104444,104444,104444,104444,104444,104444,104444,104444,104444,104444,104444,104444,104444,104444,104444,104444,104444,104444,104141,2205,
104444,104141,2205,101414,104444,104444,104444,104444,104444,104444,104444,104444,104444,104444,104444,104444,104444,104444,104444,104444,104444,104444,104444,104444,104444,104444,104444,104444,104444,104444,104444,104444,104444,104444,104444,104444,104444,104444,104444,104444,104444,104444,104444,104444,104444,104444,104444,104444,104444,104444,104444,104444,104444,104444,104444,104444,104444,104444,104444,104444,104444,104444,104444,104444,104444,104444,104444,104444,104444,104444,104444,104444,104444,104141,2205,
104444,104141,2205,101414,104444,104444,104444,104444,104444,104444,104444,104444,104444,104444,104444,104444,104444,104444,104444,104444,104444,104444,104444,104444,104444,104444,104444,104444,104444,104444,104444,104444,104444,104444,104444,104444,104444,104444,104444,104444,104444,104444,104444,104444,104444,104444,104444,104444,104444,104444,104444,104444,104444,104444,104444,104444,104444,104444,104444,104444,104444,104444,104444,104444,104444,104444,104444,104444,104444,104444,104444,104444,104444,104141,2205,
104444,104141,2205,101414,104444,104444,104444,104444,104444,104444,104444,104444,104444,104444,104444,104444,104444,104444,104444,104444,104444,104444,104444,104444,104444,104444,104444,104444,104444,104444,104444,104444,104444,104444,104444,104444,104444,104444,104444,104444,104444,104444,104444,104444,104444,104444,104444,104444,104444,104444,104444,104444,104444,104444,104444,104444,104444,104444,104444,104444,104444,104444,104444,104444,104444,104444,104444,104444,104444,104444,104444,104444,104444,104141,2205,
104444,104141,2205,101414,104444,104444,104444,104444,104444,104444,104444,104444,104444,104444,104444,104444,104444,104444,104444,104444,104444,104444,104444,104444,104444,104444,104444,104444,104444,104444,104444,104444,104444,104444,104444,104444,104444,104444,104444,104444,104444,104444,104444,104444,104444,104444,104444,104444,104444,104444,104444,104444,104444,104444,104444,104444,104444,104444,104444,104444,104444,104444,104444,104444,104444,104444,104444,104444,104444,104444,104444,104444,104444,104141,2205,
104444,104141,2205,101414,104444,104444,104444,104444,104444,104444,104444,104444,104444,104444,104444,104444,104444,104444,104444,104444,104444,104444,104444,104444,104444,104444,104444,104444,104444,104444,104444,104444,104444,104444,104444,104444,104444,104444,104444,104444,104444,104444,104444,104444,104444,104444,104444,104444,104444,104444,104444,104444,104444,104444,104444,104444,104444,104444,104444,104444,104444,104444,104444,104444,104444,104444,104444,104444,104444,104444,104444,104444,104444,104141,2205,
104444,104141,2205,101402,104422,104422,104422,104422,104422,104422,104422,104422,104422,104422,104422,104422,104422,104422,104422,104422,104422,104422,104422,104422,104422,104422,104422,104422,104422,104422,104422,104422,104422,104434,104444,104444,104444,104444,104444,104443,104422,104422,104422,104422,104422,104422,104422,104422,104422,104422,104422,104422,104422,104422,104422,104422,104422,104422,104422,104422,104422,104422,104422,104422,104422,104422,104422,104422,104422,104422,104422,104422,104422,104131,2205,
104444,104141,2172,2172,2172,2172,2172,2172,2172,2172,2172,2172,2172,2172,2172,2172,2172,2172,2172,2172,2172,2172,2172,2172,2172,2172,2172,2172,2172,2172,2172,2172,2337,101414,104444,104444,104444,104444,104444,104141,2336,2172,2172,2172,2172,2172,2172,2172,2172,2172,2172,2172,2172,2172,2172,2172,2172,2172,2172,2172,2172,2172,2172,2172,2172,2172,2172,2172,2172,2172,2172,2172,2172,101111,2205,
104444,104141,2249,2249,2249,2249,2249,2249,2249,2249,2249,2249,2249,2249,2249,2249,2249,2249,2249,2249,2249,2249,2249,2249,2249,2249,2249,2248,2248,2248,2248,2248,2345,101414,104444,104444,104444,104444,104444,104141,2344,2248,2248,2248,2248,2248,2248,2248,2248,2248,2248,2248,2248,2248,2248,2248,2248,2248,2249,2249,2249,2249,2249,2249,2249,2249,2249,2249,2249,2249,2249,2249,2249,101111,2205,
104443,104322,102222,102222,102222,102222,102222,102222,102222,102222,102222,102222,102222,102222,102222,102222,102222,102222,102222,102222,102222,102222,102222,102222,102222,102222,102222,102222,102222,102222,102222,102222,102222,103422,104422,104422,104422,104422,104422,104322,102222,102222,102222,102222,102222,102222,102222,102222,102222,102222,102222,102222,102222,102222,102222,102222,102222,102222,102222,102222,102222,102222,102222,102222,102222,102222,102222,102222,102222,102222,102222,102222,102222,103120,2205,
104141,2395,2395,2395,2395,2395,2395,2395,2395,2395,2395,2395,2395,2395,2395,2395,2395,2395,2395,2395,2395,2395,2395,2395,2395,2395,2395,2395,2395,2395,2395,2395,2252,2252,2252,2252,2252,2252,2252,2252,2252,2395,2395,2395,2395,2395,2395,2395,2395,2395,2395,2395,2395,2395,2395,2395,2395,2395,2395,2395,2395,2395,2395,2395,2395,2395,2395,2395,2395,2395,2395,2395,2395,2395,2221,
104344,102244,102244,102244,102244,102244,102244,102244,102244,102244,102244,102244,102244,102244,102244,102244,102244,102244,102244,102244,102244,102244,102244,102244,102244,102244,102244,102244,102244,102244,102244,102244,102244,102244,102244,102244,102244,102244,102244,102244,102244,102244,102244,102244,102244,102244,102244,102244,102244,102244,102244,102244,102244,102244,102244,102244,102244,102244,102244,102244,102244,102244,102244,102244,102244,102244,102244,102244,102244,102244,102244,102244,102244,102244,102244,
[MAPLAYER_2_END]
[MAPLAYER_3_START]
104444,104141,2440,2441,2442,101414,104444,104444,104444,104444,104444,104444,104444,104444,104444,104444,104444,104444,104444,104444,104444,104444,104444,104444,104444,104444,104444,104444,104444,104444,104444,104444,104444,104444,104444,104444,104444,104444,104444,104444,104444,104444,104444,104444,104444,104444,104444,104444,104444,104444,104444,104444,104444,104444,104444,104444,104444,104444,104444,104444,104444,104444,104444,104444,104444,104444,104444,104444,104444,104444,104444,104444,104444,104444,104444,
104444,104141,2448,2449,2450,101414,104444,104444,104444,104444,104444,104444,104444,104444,104444,104444,104444,104444,104444,104444,104444,104444,104444,104444,104444,104444,104444,104444,104444,104444,104444,104444,104444,104444,104444,104444,104444,104444,104444,104444,104444,104444,104444,104444,104444,104444,104444,104444,104444,104444,104444,104444,104444,104444,104444,104444,104444,104444,104444,104444,104444,104444,104444,104444,104444,104444,104444,104444,104444,104444,104444,104444,104444,104444,104444,
104444,104141,2456,2457,2458,101414,104444,104444,104444,104444,104444,104444,104444,104444,104444,104444,104444,104444,104444,104444,104444,104444,104444,104444,104444,104444,104444,104444,104444,104444,104444,104444,104444,104444,104444,104444,104444,104444,104444,104444,104444,104444,104444,104444,104444,104444,104444,104444,104444,104444,104444,104444,104444,104444,104444,104444,104444,104444,104444,104444,104444,104444,104444,104444,104444,104444,104444,104444,104444,104444,104444,104444,104444,104444,104444,
104444,104141,2464,2465,2466,101414,104444,104444,104444,104444,104444,104444,104444,104443,104422,104422,104422,104434,104444,104444,104444,104444,104444,104444,104444,104443,104422,104422,104422,104434,104444,104444,104444,104444,104444,104444,104444,104444,104444,104444,104444,104444,104444,104444,104443,104422,104422,104422,104434,104444,104444,104444,104444,104444,104444,104444,104443,104422,104422,104422,104434,104444,104444,104444,104444,104444,104444,104444,104444,104444,104444,104444,104444,104444,104444,
104444,104141,2432,2433,2434,101414,104444,104444,104444,104444,104444,104444,104444,104141,2432,2433,2434,101414,104444,104444,104444,104444,104444,104444,104444,104141,2432,2433,2434,101414,104444,104444,104444,104444,104444,104444,104444,104444,104444,104444,104444,104444,104444,104444,104141,2432,2433,2434,101414,104444,104444,104444,104444,104444,104444,104444,104141,2432,2433,2434,101414,104444,104444,104444,104444,104444,104444,104444,104444,104444,104444,104444,104444,104444,104444,
104444,104141,2440,2441,2442,101414,104444,104444,104444,104444,104444,104444,104444,104141,2440,2441,2442,101414,104444,104444,104444,104444,104444,104444,104444,104141,2440,2441,2442,101414,104444,104444,104444,104444,104444,104444,104444,104444,104444,104444,104444,104444,104444,104444,104141,2440,2441,2442,101414,104444,104444,104444,104444,104444,104444,104444,104141,2440,2441,2442,101414,104444,104444,104444,104444,104444,104444,104444,104444,104444,104444,104444,104444,104444,104444,
104444,104141,2448,2449,2450,101414,104444,104444,104444,104444,104444,104444,104444,104141,2448,2449,2450,101414,104444,104444,104444,104444,104444,104444,104444,104141,2448,2449,2450,101414,104444,104444,104444,104444,104444,104444,104444,104444,104444,104444,104444,104444,104444,104444,104141,2448,2449,2450,101414,104444,104444,104444,104444,104444,104444,104444,104141,2448,2449,2450,101414,104444,104444,104444,104444,104444,104444,104444,104444,104444,104444,104444,104444,104444,104444,
104444,104141,2456,2457,2458,101414,104444,104444,104444,104444,104444,104444,104444,104141,2456,2457,2458,101414,104444,104444,104444,104444,104444,104444,104444,104141,2456,2457,2458,101414,104444,104444,104444,104444,104444,104444,104444,104444,104444,104444,104444,104444,104444,104444,104141,2456,2457,2458,101414,104444,104444,104444,104444,104444,104444,104444,104141,2456,2457,2458,101414,104444,104444,104444,104444,104444,104444,104444,104444,104444,104444,104444,104444,104444,104444,
104444,104141,2464,2465,2466,101414,104444,104444,104444,104444,104444,104444,104444,104141,2464,2465,2466,101414,104444,104444,104444,104444,104444,104444,104444,104141,2464,2465,2466,101414,104444,104444,104444,104444,104444,104444,104444,104444,104444,104444,104444,104444,104444,104444,104141,2464,2465,2466,101414,104444,104444,104444,104444,104444,104444,104444,104141,2464,2465,2466,101414,104444,104444,104444,104444,104444,104444,104444,104444,104444,104444,104444,104444,104444,104444,
104444,104344,102244,102244,102244,103444,104444,104444,104444,104444,104444,104444,104444,104344,102244,102244,102244,103444,104444,104444,104444,104444,104444,104444,104444,104344,102244,102244,102244,103444,104444,104444,104444,104444,104444,104444,104444,104444,104444,104444,104444,104444,104444,104444,104344,102244,102244,102244,103444,104444,104444,104444,104444,104444,104444,104444,104344,102244,102244,102244,103444,104444,104444,104444,104444,104444,104444,104444,104444,104444,104444,104444,104444,104444,104444,
104444,104444,104444,104444,104444,104444,104444,104444,104444,104444,104444,104444,104444,104444,104444,104444,104444,104444,104444,104444,104444,104444,104444,104444,104444,104444,104444,104444,104444,104444,104444,104444,104444,104444,104444,104444,104444,104444,104444,104444,104444,104444,104444,104444,104444,104444,104444,104444,104444,104444,104444,104444,104444,104444,104444,104444,104444,104444,104444,104444,104444,104444,104444,104444,104444,104444,104444,104444,104444,104444,104444,104444,104444,104444,104444,
104444,104444,104444,104444,104444,104444,104444,104444,104444,104444,104444,104444,104444,104444,104444,104444,104444,104444,104444,104444,104444,104444,104444,104444,104444,104444,104444,104444,104444,104444,104444,104444,104444,104444,104444,104444,104444,104444,104444,104444,104444,104444,104444,104444,104444,104444,104444,104444,104444,104444,104444,104444,104444,104444,104444,104444,104444,104444,104444,104444,104444,104444,104444,104444,104444,104444,104444,104444,104444,104444,104444,104444,104444,104444,104444,
104444,104444,104444,104444,104444,104444,104444,104444,104444,104444,104444,104444,104444,104444,104444,104444,104444,104444,104444,104444,104444,104444,104444,104444,104444,104444,104444,104444,104444,104444,104444,104444,104444,104444,104444,104444,104444,104444,104444,104444,104444,104444,104444,104444,104444,104444,104444,104444,104444,104444,104444,104444,104444,104444,104444,104444,104444,104444,104444,104444,104444,104444,104444,104444,104444,104444,104444,104444,104444,104444,104444,104444,104444,104444,104444,
104444,104444,104444,104444,104444,104444,104444,104444,104444,104444,104444,104444,104444,104444,104444,104444,104444,104444,104444,104444,104444,104444,104444,104444,104444,104444,104444,104444,104444,104444,104444,104444,104444,104444,104444,104444,104444,104444,104444,104444,104444,104444,104444,104444,104444,104444,104444,104444,104444,104444,104444,104444,104444,104444,104444,104444,104444,104444,104444,104444,104444,104444,104444,104444,104444,104444,104444,104444,104444,104444,104444,104444,104444,104444,104444,
104444,104444,104444,104444,104444,104444,104444,104444,104444,104444,104444,104444,104444,104444,104444,104444,104444,104444,104444,104444,104444,104444,104444,104444,104444,104444,104444,104444,104444,104444,104444,104444,104444,104444,104444,104444,104444,104444,104444,104444,104444,104444,104444,104444,104444,104444,104444,104444,104444,104444,104444,104444,104444,104444,104444,104444,104444,104444,104444,104444,104444,104444,104444,104444,104444,104444,104444,104444,104444,104444,104444,104444,104444,104444,104444,
104444,104444,104444,104444,104444,104444,104444,104444,104444,104444,104444,104444,104444,104444,104444,104444,104444,104444,104444,104444,104444,104444,104444,104444,104444,104444,104444,104444,104444,104444,104444,104444,104444,104444,104444,104444,104444,104444,104444,104444,104444,104444,104444,104444,104444,104444,104444,104444,104444,104444,104444,104444,104444,104444,104444,104444,104444,104444,104444,104444,104444,104444,104444,104444,104444,104444,104444,104444,104444,104444,104444,104444,104444,104444,104444,
104444,104444,104444,104444,104444,104444,104444,104444,104444,104444,104444,104444,104444,104444,104444,104444,104444,104444,104444,104444,104444,104444,104444,104444,104444,104444,104444,104444,104444,104444,104444,104444,104444,104444,104444,104444,104444,104444,104444,104444,104444,104444,104444,104444,104444,104444,104444,104444,104444,104444,104444,104444,104444,104444,104444,104444,104444,104444,104444,104444,104444,104444,104444,104444,104444,104444,104444,104444,104444,104444,104444,104444,104444,104444,104444,
104444,104444,104444,104444,104444,104444,104444,104444,104444,104444,104444,104444,104444,104444,104444,104444,104444,104444,104444,104444,104444,104444,104444,104444,104444,104444,104444,104444,104444,104444,104444,104444,104444,104444,104444,104444,104444,104444,104444,104444,104444,104444,104444,104444,104444,104444,104444,104444,104444,104444,104444,104444,104444,104444,104444,104444,104444,104444,104444,104444,104444,104444,104444,104444,104444,104444,104444,104444,104444,104444,104444,104444,104444,104444,104444,
104444,104444,104444,104444,104444,104444,104444,104444,104444,104444,104444,104444,104444,104444,104444,104444,104444,104444,104444,104444,104444,104444,104444,104444,104444,104444,104444,104444,104444,104444,104444,104444,104444,104444,104444,104444,104444,104444,104444,104444,104444,104444,104444,104444,104444,104444,104444,104444,104444,104444,104444,104444,104444,104444,104444,104444,104444,104444,104444,104444,104444,104444,104444,104444,104444,104444,104444,104444,104444,104444,104444,104444,104444,104444,104444,
104444,104444,104444,104444,104444,104444,104444,104444,104444,104444,104444,104444,104444,104444,104444,104444,104444,104444,104444,104444,104444,104444,104444,104444,104444,104444,104444,104444,104444,104444,104444,104444,104444,104444,104444,104444,104444,104444,104444,104444,104444,104444,104444,104444,104444,104444,104444,104444,104444,104444,104444,104444,104444,104444,104444,104444,104444,104444,104444,104444,104444,104444,104444,104444,104444,104444,104444,104444,104444,104444,104444,104444,104444,104444,104444,
104444,104444,104444,104444,104444,104444,104444,104444,104444,104444,104444,104444,104444,104444,104444,104444,104444,104444,104444,104444,104444,104444,104444,104444,104444,104444,104444,104444,104444,104444,104444,104444,104444,104444,104444,104444,104444,104444,104444,104444,104444,104444,104444,104444,104444,104444,104444,104444,104444,104444,104444,104444,104444,104444,104444,104444,104444,104444,104444,104444,104444,104444,104444,104444,104444,104444,104444,104444,104444,104444,104444,104444,104444,104444,104444,
104444,104444,104444,104444,104444,104444,104444,104444,104444,104444,104444,104444,104444,104444,104444,104444,104444,104444,104444,104444,104444,104444,104444,104444,104444,104444,104444,104444,104444,104444,104444,104444,104444,104444,104444,104444,104444,104444,104444,104444,104444,104444,104444,104444,104444,104444,104444,104444,104444,104444,104444,104444,104444,104444,104444,104444,104444,104444,104444,104444,104444,104444,104444,104444,104444,104444,104444,104444,104444,104444,104444,104444,104444,104444,104444,
104444,104444,104444,104444,104444,104444,104444,104444,104444,104444,104444,104444,104444,104444,104444,104444,104444,104444,104444,104444,104444,104444,104444,104444,104444,104444,104444,104444,104444,104444,104444,104444,104444,104444,104444,104444,104444,104444,104444,104444,104444,104444,104444,104444,104444,104444,104444,104444,104444,104444,104444,104444,104444,104444,104444,104444,104444,104444,104444,104444,104444,104444,104444,104444,104444,104444,104444,104444,104444,104444,104444,104444,104444,104444,104444,
104444,104444,104444,104444,104444,104444,104444,104444,104444,104444,104444,104444,104444,104444,104444,104444,104444,104444,104444,104444,104444,104444,104444,104444,104444,104444,104444,104444,104444,104444,104444,104444,104444,104444,104444,104444,104444,104444,104444,104444,104444,104444,104444,104444,104444,104444,104444,104444,104444,104444,104444,104444,104444,104444,104444,104444,104444,104444,104444,104444,104444,104444,104444,104444,104444,104444,104444,104444,104444,104444,104444,104444,104444,104444,104444,
104444,104444,104444,104444,104444,104444,104444,104444,104444,104444,104444,104444,104444,104444,104444,104444,104444,104444,104444,104444,104444,104444,104444,104444,104444,104444,104444,104444,104444,104444,104444,104444,104444,104444,104444,104444,104444,104444,104444,104444,104444,104444,104444,104444,104444,104444,104444,104444,104444,104444,104444,104444,104444,104444,104444,104444,104444,104444,104444,104444,104444,104444,104444,104444,104444,104444,104444,104444,104444,104444,104444,104444,104444,104444,104444,
104444,104444,104444,104444,104444,104444,104444,104444,104444,104444,104444,104444,104444,104444,104444,104444,104444,104444,104444,104444,104444,104444,104444,104444,104444,104444,104444,104444,104444,104444,104444,104444,104444,104444,104444,104444,104444,104444,104444,104444,104444,104444,104444,104444,104444,104444,104444,104444,104444,104444,104444,104444,104444,104444,104444,104444,104444,104444,104444,104444,104444,104444,104444,104444,104444,104444,104444,104444,104444,104444,104444,104444,104444,104444,104444,
104444,104444,104444,104444,104444,104444,104444,104444,104444,104444,104444,104444,104444,104444,104444,104444,104444,104444,104444,104444,104444,104444,104444,104444,104444,104444,104444,104444,104444,104444,104444,104444,104444,104444,104444,104444,104444,104444,104444,104444,104444,104444,104444,104444,104444,104444,104444,104444,104444,104444,104444,104444,104444,104444,104444,104444,104444,104444,104444,104444,104444,104444,104444,104444,104444,104444,104444,104444,104444,104444,104444,104444,104444,104444,104444,
104444,104444,104444,104444,104444,104444,104444,104444,104444,104444,104444,104444,104444,104444,104444,104444,104444,104444,104444,104444,104444,104444,104444,104444,104444,104444,104444,104444,104444,104444,104444,104444,104444,104444,104444,104444,104444,104444,104444,104444,104444,104444,104444,104444,104444,104444,104444,104444,104444,104444,104444,104444,104444,104444,104444,104444,104444,104444,104444,104444,104444,104444,104444,104444,104444,104444,104444,104444,104444,104444,104444,104444,104444,104444,104444,
104444,104444,104444,104444,104444,104444,104444,104444,104444,104444,104444,104444,104444,104444,104444,104444,104444,104444,104444,104444,104444,104444,104444,104444,104444,104444,104444,104444,104444,104444,104444,104444,104444,104444,104444,104444,104444,104444,104444,104444,104444,104444,104444,104444,104444,104444,104444,104444,104444,104444,104444,104444,104444,104444,104444,104444,104444,104444,104444,104444,104444,104444,104444,104444,104444,104444,104444,104444,104444,104444,104444,104444,104444,104444,104444,
104444,104444,104444,104444,104444,104444,104444,104444,104444,104444,104444,104444,104444,104444,104444,104444,104444,104444,104444,104444,104444,104444,104444,104444,104444,104444,104444,104444,104444,104444,104444,104444,104444,104444,104444,104444,104444,104444,104444,104444,104444,104444,104444,104444,104444,104444,104444,104444,104444,104444,104444,104444,104444,104444,104444,104444,104444,104444,104444,104444,104444,104444,104444,104444,104444,104444,104444,104444,104444,104444,104444,104444,104444,104444,104444,
104444,104444,104444,104444,104444,104444,104444,104444,104444,104444,104444,104444,104444,104444,104444,104444,104444,104444,104444,104444,104444,104444,104444,104444,104444,104444,104444,104444,104444,104444,104444,104444,104444,104444,104444,104444,104444,104444,104444,104444,104444,104444,104444,104444,104444,104444,104444,104444,104444,104444,104444,104444,104444,104444,104444,104444,104444,104444,104444,104444,104444,104444,104444,104444,104444,104444,104444,104444,104444,104444,104444,104444,104444,104444,104444,
104444,104444,104444,104444,104444,104444,104444,104444,104444,104444,104444,104444,104444,104444,104444,104444,104444,104444,104444,104444,104444,104444,104444,104444,104444,104444,104444,104444,104444,104444,104444,104444,104444,104444,104444,104444,104444,104444,104444,104444,104444,104444,104444,104444,104444,104444,104444,104444,104444,104444,104444,104444,104444,104444,104444,104444,104444,104444,104444,104444,104444,104444,104444,104444,104444,104444,104444,104444,104444,104444,104444,104444,104444,104444,104444,
104444,104444,104444,104444,104444,104444,104444,104444,104444,104444,104444,104444,104444,104444,104444,104444,104444,104444,104444,104444,104444,104444,104444,104444,104444,104444,104444,104444,104444,104444,104444,104444,104444,104444,104444,104444,104444,104444,104444,104444,104444,104444,104444,104444,104444,104444,104444,104444,104444,104444,104444,104444,104444,104444,104444,104444,104444,104444,104444,104444,104444,104444,104444,104444,104444,104444,104444,104444,104444,104444,104444,104444,104444,104444,104444,
104444,104444,104444,104444,104444,104444,104444,104444,104444,104444,104444,104444,104444,104444,104444,104444,104444,104444,104444,104444,104444,104444,104444,104444,104444,104444,104444,104444,104444,104444,104444,104444,104444,104444,104444,104444,104444,104444,104444,104444,104444,104444,104444,104444,104444,104444,104444,104444,104444,104444,104444,104444,104444,104444,104444,104444,104444,104444,104444,104444,104444,104444,104444,104444,104444,104444,104444,104444,104444,104444,104444,104444,104444,104444,104444,
104444,104444,104444,104444,104444,104444,104444,104444,104444,104444,104444,104444,104444,104444,104444,104444,104444,104444,104444,104444,104444,104444,104444,104444,104444,104444,104444,104444,104444,104444,104444,104444,104444,104444,104444,104444,104444,104444,104444,104444,104444,104444,104444,104444,104444,104444,104444,104444,104444,104444,104444,104444,104444,104444,104444,104444,104444,104444,104444,104444,104444,104444,104444,104444,104444,104444,104444,104444,104444,104444,104444,104444,104444,104444,104444,
[MAPLAYER_3_END]
[--MAP_END--]
----------
[EVENTDATA_TEXT_OUTPUT]
EVENT_NUM=7
-----
EVENT_ID=0
EVENT_NAME=
EVENT_X=36
EVENT_Y=34
EVENT_PAGE=1
OPTION_DATA_NUM=0
EVENT_PAGE_NUM=1
EVENT_PAGE=0
EVENT_TILE_ID=-1
GRAPHIC_FILENAME=
EVENT_DIRECTION=2
EVENT_PATTERN=1
EVENT_OPACITY=255
EVENT_BLENDTYPE=0
EVENT_TRIGGER_TYPE=3
EVENT_CONDITION_0_USE=32
EVENT_CONDITION_TARGET_0=1000000
EVENT_CONDITION_VALUE_0=0
EVENT_CONDITION_1_USE=32
EVENT_CONDITION_TARGET_1=1000000
EVENT_CONDITION_VALUE_1=0
EVENT_CONDITION_2_USE=32
EVENT_CONDITION_TARGET_2=1000000
EVENT_CONDITION_VALUE_2=0
EVENT_CONDITION_3_USE=32
EVENT_CONDITION_TARGET_3=1000000
EVENT_CONDITION_VALUE_3=0
ANIME_SPEED=3
MOVE_SPEED=3
MOVE_FREQUENCY=3
MOVE_TYPE=0
CHARA_OPTION_FLAG=35
ROUTE_OPTION_FLAG=2
ROUTE_COMMAND_NUM=0
OPTION_VAL_NUM=3
OPTION_VAL_0=0
OPTION_VAL_1=6
OPTION_VAL_2=0
COMMAND_NUM=2
--
WoditorEvCOMMAND_START
[130][6,0]<0>(-1,20,1,8,32,0)()
[0][0,0]<0>()()
WoditorEvCOMMAND_END
--
[COMMAND_TEXT_START]
■場所移動：主人公 ▲マップID8[街4] X:20 Y:1  [ﾄﾗﾝｼﾞｼｮﾝ + 暗転有り]
■
[COMMAND_TEXT_END]
-----
EVENT_ID=1
EVENT_NAME=
EVENT_X=36
EVENT_Y=5
EVENT_PAGE=2
OPTION_DATA_NUM=0
EVENT_PAGE_NUM=2
EVENT_PAGE=0
EVENT_TILE_ID=-1
GRAPHIC_FILENAME=
EVENT_DIRECTION=2
EVENT_PATTERN=1
EVENT_OPACITY=255
EVENT_BLENDTYPE=0
EVENT_TRIGGER_TYPE=2
EVENT_CONDITION_0_USE=32
EVENT_CONDITION_TARGET_0=1000000
EVENT_CONDITION_VALUE_0=0
EVENT_CONDITION_1_USE=32
EVENT_CONDITION_TARGET_1=1000000
EVENT_CONDITION_VALUE_1=0
EVENT_CONDITION_2_USE=32
EVENT_CONDITION_TARGET_2=1000000
EVENT_CONDITION_VALUE_2=0
EVENT_CONDITION_3_USE=32
EVENT_CONDITION_TARGET_3=1000000
EVENT_CONDITION_VALUE_3=0
ANIME_SPEED=3
MOVE_SPEED=3
MOVE_FREQUENCY=3
MOVE_TYPE=0
CHARA_OPTION_FLAG=35
ROUTE_OPTION_FLAG=2
ROUTE_COMMAND_NUM=0
OPTION_VAL_NUM=3
OPTION_VAL_0=0
OPTION_VAL_1=0
OPTION_VAL_2=0
COMMAND_NUM=1
--
WoditorEvCOMMAND_START
[0][0,0]<0>()()
WoditorEvCOMMAND_END
--
[COMMAND_TEXT_START]
■
[COMMAND_TEXT_END]
EVENT_PAGE=1
EVENT_TILE_ID=-1
GRAPHIC_FILENAME=
EVENT_DIRECTION=2
EVENT_PATTERN=1
EVENT_OPACITY=255
EVENT_BLENDTYPE=0
EVENT_TRIGGER_TYPE=0
EVENT_CONDITION_0_USE=33
EVENT_CONDITION_TARGET_0=2000056
EVENT_CONDITION_VALUE_0=1
EVENT_CONDITION_1_USE=32
EVENT_CONDITION_TARGET_1=1000000
EVENT_CONDITION_VALUE_1=0
EVENT_CONDITION_2_USE=32
EVENT_CONDITION_TARGET_2=1000000
EVENT_CONDITION_VALUE_2=0
EVENT_CONDITION_3_USE=32
EVENT_CONDITION_TARGET_3=1000000
EVENT_CONDITION_VALUE_3=0
ANIME_SPEED=3
MOVE_SPEED=3
MOVE_FREQUENCY=3
MOVE_TYPE=0
CHARA_OPTION_FLAG=35
ROUTE_OPTION_FLAG=2
ROUTE_COMMAND_NUM=0
OPTION_VAL_NUM=3
OPTION_VAL_0=0
OPTION_VAL_1=0
OPTION_VAL_2=0
COMMAND_NUM=1
--
WoditorEvCOMMAND_START
[0][0,0]<0>()()
WoditorEvCOMMAND_END
--
[COMMAND_TEXT_START]
■
[COMMAND_TEXT_END]
-----
EVENT_ID=2
EVENT_NAME=CharaChip/[ウ]ケルベロス07.png
EVENT_X=35
EVENT_Y=13
EVENT_PAGE=3
OPTION_DATA_NUM=0
EVENT_PAGE_NUM=3
EVENT_PAGE=0
EVENT_TILE_ID=-1
GRAPHIC_FILENAME=CharaChip/[ウ]ケルベロス07.png
EVENT_DIRECTION=6
EVENT_PATTERN=1
EVENT_OPACITY=255
EVENT_BLENDTYPE=0
EVENT_TRIGGER_TYPE=2
EVENT_CONDITION_0_USE=33
EVENT_CONDITION_TARGET_0=2000056
EVENT_CONDITION_VALUE_0=1
EVENT_CONDITION_1_USE=32
EVENT_CONDITION_TARGET_1=1000000
EVENT_CONDITION_VALUE_1=0
EVENT_CONDITION_2_USE=32
EVENT_CONDITION_TARGET_2=1000000
EVENT_CONDITION_VALUE_2=0
EVENT_CONDITION_3_USE=32
EVENT_CONDITION_TARGET_3=1000000
EVENT_CONDITION_VALUE_3=0
ANIME_SPEED=3
MOVE_SPEED=3
MOVE_FREQUENCY=3
MOVE_TYPE=0
CHARA_OPTION_FLAG=35
ROUTE_OPTION_FLAG=2
ROUTE_COMMAND_NUM=0
OPTION_VAL_NUM=3
OPTION_VAL_0=0
OPTION_VAL_1=0
OPTION_VAL_2=0
COMMAND_NUM=4
--
WoditorEvCOMMAND_START
[201][1,0]<0>(-1)()(2,[31,1])
[180][1,0]<0>(60)()
[140][6,1]<0>(33554464,30,0,0,100,100)("nobihazaSE/喰う2.ogg")
[0][0,0]<0>()()
WoditorEvCOMMAND_END
--
[COMMAND_TEXT_START]
■動作指定：[ｽｷｯﾌﾟ]  このイベント / アニメ頻度を設定 => 1
■ウェイト：60 フレーム
■サウンド：SE ﾌｧｲﾙ[nobihazaSE/喰う2.ogg] 音 100％ 周 100％ (0 ﾁｬﾝﾈﾙ) 再生 / 遅延：30ﾌﾚｰﾑ
■
[COMMAND_TEXT_END]
EVENT_PAGE=1
EVENT_TILE_ID=-1
GRAPHIC_FILENAME=
EVENT_DIRECTION=2
EVENT_PATTERN=1
EVENT_OPACITY=255
EVENT_BLENDTYPE=0
EVENT_TRIGGER_TYPE=0
EVENT_CONDITION_0_USE=33
EVENT_CONDITION_TARGET_0=1100009
EVENT_CONDITION_VALUE_0=1
EVENT_CONDITION_1_USE=32
EVENT_CONDITION_TARGET_1=1000000
EVENT_CONDITION_VALUE_1=0
EVENT_CONDITION_2_USE=32
EVENT_CONDITION_TARGET_2=1000000
EVENT_CONDITION_VALUE_2=0
EVENT_CONDITION_3_USE=32
EVENT_CONDITION_TARGET_3=1000000
EVENT_CONDITION_VALUE_3=0
ANIME_SPEED=3
MOVE_SPEED=3
MOVE_FREQUENCY=3
MOVE_TYPE=0
CHARA_OPTION_FLAG=35
ROUTE_OPTION_FLAG=2
ROUTE_COMMAND_NUM=0
OPTION_VAL_NUM=3
OPTION_VAL_0=0
OPTION_VAL_1=0
OPTION_VAL_2=0
COMMAND_NUM=1
--
WoditorEvCOMMAND_START
[0][0,0]<0>()()
WoditorEvCOMMAND_END
--
[COMMAND_TEXT_START]
■
[COMMAND_TEXT_END]
EVENT_PAGE=2
EVENT_TILE_ID=-1
GRAPHIC_FILENAME=CharaChip/[ウ]ケルベロス00.png
EVENT_DIRECTION=6
EVENT_PATTERN=2
EVENT_OPACITY=255
EVENT_BLENDTYPE=0
EVENT_TRIGGER_TYPE=4
EVENT_CONDITION_0_USE=33
EVENT_CONDITION_TARGET_0=2000057
EVENT_CONDITION_VALUE_0=1
EVENT_CONDITION_1_USE=32
EVENT_CONDITION_TARGET_1=1000000
EVENT_CONDITION_VALUE_1=0
EVENT_CONDITION_2_USE=32
EVENT_CONDITION_TARGET_2=1000000
EVENT_CONDITION_VALUE_2=0
EVENT_CONDITION_3_USE=32
EVENT_CONDITION_TARGET_3=1000000
EVENT_CONDITION_VALUE_3=0
ANIME_SPEED=3
MOVE_SPEED=3
MOVE_FREQUENCY=0
MOVE_TYPE=1
CHARA_OPTION_FLAG=34
ROUTE_OPTION_FLAG=3
ROUTE_COMMAND_NUM=11
[ROUTE_COMMAND_0]11
ROUTE_COMMAND_CODE=26
VAL_NUM=0
STR=
[ROUTE_COMMAND_1]11
ROUTE_COMMAND_CODE=19
VAL_NUM=0
STR=
[ROUTE_COMMAND_2]11
ROUTE_COMMAND_CODE=19
VAL_NUM=0
STR=
[ROUTE_COMMAND_3]11
ROUTE_COMMAND_CODE=26
VAL_NUM=0
STR=
[ROUTE_COMMAND_4]11
ROUTE_COMMAND_CODE=19
VAL_NUM=0
STR=
[ROUTE_COMMAND_5]11
ROUTE_COMMAND_CODE=19
VAL_NUM=0
STR=
[ROUTE_COMMAND_6]11
ROUTE_COMMAND_CODE=26
VAL_NUM=0
STR=
[ROUTE_COMMAND_7]11
ROUTE_COMMAND_CODE=19
VAL_NUM=0
STR=
[ROUTE_COMMAND_8]11
ROUTE_COMMAND_CODE=19
VAL_NUM=0
STR=
[ROUTE_COMMAND_9]11
ROUTE_COMMAND_CODE=26
VAL_NUM=0
STR=
[ROUTE_COMMAND_10]11
ROUTE_COMMAND_CODE=19
VAL_NUM=0
STR=
OPTION_VAL_NUM=3
OPTION_VAL_0=0
OPTION_VAL_1=0
OPTION_VAL_2=0
COMMAND_NUM=6
--
WoditorEvCOMMAND_START
[111][4,0]<0>(1,2000046,1,2)()
[401][1,0]<0>(1)()
[210][2,0]<1>(500333,0)()
[0][0,0]<1>()()
[499][0,0]<0>()()
[0][0,0]<0>()()
WoditorEvCOMMAND_END
--
[COMMAND_TEXT_START]
■条件分岐(数値):  【1】 V46[何が起こってる！]  が   1 と同じ 
-◇分岐： 【1】  [ V46[何が起こってる！]  が  1 と同じ  ]の場合↓
 |■イベントの挿入： コモン333：[ ゾンビ ]
 |■
◇分岐終了◇
■
[COMMAND_TEXT_END]
-----
EVENT_ID=3
EVENT_NAME=CharaChip/[ウ]ケルベロス07.png
EVENT_X=37
EVENT_Y=13
EVENT_PAGE=4
OPTION_DATA_NUM=0
EVENT_PAGE_NUM=4
EVENT_PAGE=0
EVENT_TILE_ID=-1
GRAPHIC_FILENAME=CharaChip/[ウ]ケルベロス07.png
EVENT_DIRECTION=4
EVENT_PATTERN=1
EVENT_OPACITY=255
EVENT_BLENDTYPE=0
EVENT_TRIGGER_TYPE=2
EVENT_CONDITION_0_USE=33
EVENT_CONDITION_TARGET_0=2000056
EVENT_CONDITION_VALUE_0=1
EVENT_CONDITION_1_USE=32
EVENT_CONDITION_TARGET_1=1000000
EVENT_CONDITION_VALUE_1=0
EVENT_CONDITION_2_USE=32
EVENT_CONDITION_TARGET_2=1000000
EVENT_CONDITION_VALUE_2=0
EVENT_CONDITION_3_USE=32
EVENT_CONDITION_TARGET_3=1000000
EVENT_CONDITION_VALUE_3=0
ANIME_SPEED=3
MOVE_SPEED=2
MOVE_FREQUENCY=3
MOVE_TYPE=0
CHARA_OPTION_FLAG=35
ROUTE_OPTION_FLAG=2
ROUTE_COMMAND_NUM=0
OPTION_VAL_NUM=3
OPTION_VAL_0=0
OPTION_VAL_1=0
OPTION_VAL_2=0
COMMAND_NUM=4
--
WoditorEvCOMMAND_START
[201][1,0]<0>(-1)()(2,[31,1])
[180][1,0]<0>(60)()
[140][6,1]<0>(33554464,30,0,0,100,100)("nobihazaSE/喰う2.ogg")
[0][0,0]<0>()()
WoditorEvCOMMAND_END
--
[COMMAND_TEXT_START]
■動作指定：[ｽｷｯﾌﾟ]  このイベント / アニメ頻度を設定 => 1
■ウェイト：60 フレーム
■サウンド：SE ﾌｧｲﾙ[nobihazaSE/喰う2.ogg] 音 100％ 周 100％ (0 ﾁｬﾝﾈﾙ) 再生 / 遅延：30ﾌﾚｰﾑ
■
[COMMAND_TEXT_END]
EVENT_PAGE=1
EVENT_TILE_ID=-1
GRAPHIC_FILENAME=
EVENT_DIRECTION=2
EVENT_PATTERN=1
EVENT_OPACITY=255
EVENT_BLENDTYPE=0
EVENT_TRIGGER_TYPE=0
EVENT_CONDITION_0_USE=33
EVENT_CONDITION_TARGET_0=1100009
EVENT_CONDITION_VALUE_0=1
EVENT_CONDITION_1_USE=32
EVENT_CONDITION_TARGET_1=1000000
EVENT_CONDITION_VALUE_1=0
EVENT_CONDITION_2_USE=32
EVENT_CONDITION_TARGET_2=1000000
EVENT_CONDITION_VALUE_2=0
EVENT_CONDITION_3_USE=32
EVENT_CONDITION_TARGET_3=1000000
EVENT_CONDITION_VALUE_3=0
ANIME_SPEED=3
MOVE_SPEED=3
MOVE_FREQUENCY=3
MOVE_TYPE=0
CHARA_OPTION_FLAG=35
ROUTE_OPTION_FLAG=2
ROUTE_COMMAND_NUM=0
OPTION_VAL_NUM=3
OPTION_VAL_0=0
OPTION_VAL_1=0
OPTION_VAL_2=0
COMMAND_NUM=1
--
WoditorEvCOMMAND_START
[0][0,0]<0>()()
WoditorEvCOMMAND_END
--
[COMMAND_TEXT_START]
■
[COMMAND_TEXT_END]
EVENT_PAGE=2
EVENT_TILE_ID=-1
GRAPHIC_FILENAME=CharaChip/[ウ]ケルベロス00.png
EVENT_DIRECTION=4
EVENT_PATTERN=1
EVENT_OPACITY=255
EVENT_BLENDTYPE=0
EVENT_TRIGGER_TYPE=4
EVENT_CONDITION_0_USE=33
EVENT_CONDITION_TARGET_0=2000057
EVENT_CONDITION_VALUE_0=1
EVENT_CONDITION_1_USE=32
EVENT_CONDITION_TARGET_1=1000000
EVENT_CONDITION_VALUE_1=0
EVENT_CONDITION_2_USE=32
EVENT_CONDITION_TARGET_2=1000000
EVENT_CONDITION_VALUE_2=0
EVENT_CONDITION_3_USE=32
EVENT_CONDITION_TARGET_3=1000000
EVENT_CONDITION_VALUE_3=0
ANIME_SPEED=3
MOVE_SPEED=3
MOVE_FREQUENCY=0
MOVE_TYPE=1
CHARA_OPTION_FLAG=34
ROUTE_OPTION_FLAG=3
ROUTE_COMMAND_NUM=11
[ROUTE_COMMAND_0]11
ROUTE_COMMAND_CODE=26
VAL_NUM=0
STR=
[ROUTE_COMMAND_1]11
ROUTE_COMMAND_CODE=19
VAL_NUM=0
STR=
[ROUTE_COMMAND_2]11
ROUTE_COMMAND_CODE=19
VAL_NUM=0
STR=
[ROUTE_COMMAND_3]11
ROUTE_COMMAND_CODE=26
VAL_NUM=0
STR=
[ROUTE_COMMAND_4]11
ROUTE_COMMAND_CODE=19
VAL_NUM=0
STR=
[ROUTE_COMMAND_5]11
ROUTE_COMMAND_CODE=19
VAL_NUM=0
STR=
[ROUTE_COMMAND_6]11
ROUTE_COMMAND_CODE=26
VAL_NUM=0
STR=
[ROUTE_COMMAND_7]11
ROUTE_COMMAND_CODE=19
VAL_NUM=0
STR=
[ROUTE_COMMAND_8]11
ROUTE_COMMAND_CODE=19
VAL_NUM=0
STR=
[ROUTE_COMMAND_9]11
ROUTE_COMMAND_CODE=26
VAL_NUM=0
STR=
[ROUTE_COMMAND_10]11
ROUTE_COMMAND_CODE=19
VAL_NUM=0
STR=
OPTION_VAL_NUM=3
OPTION_VAL_0=0
OPTION_VAL_1=0
OPTION_VAL_2=0
COMMAND_NUM=6
--
WoditorEvCOMMAND_START
[111][4,0]<0>(1,2000046,1,2)()
[401][1,0]<0>(1)()
[210][2,0]<1>(500333,0)()
[0][0,0]<1>()()
[499][0,0]<0>()()
[0][0,0]<0>()()
WoditorEvCOMMAND_END
--
[COMMAND_TEXT_START]
■条件分岐(数値):  【1】 V46[何が起こってる！]  が   1 と同じ 
-◇分岐： 【1】  [ V46[何が起こってる！]  が  1 と同じ  ]の場合↓
 |■イベントの挿入： コモン333：[ ゾンビ ]
 |■
◇分岐終了◇
■
[COMMAND_TEXT_END]
EVENT_PAGE=3
EVENT_TILE_ID=-1
GRAPHIC_FILENAME=
EVENT_DIRECTION=2
EVENT_PATTERN=1
EVENT_OPACITY=255
EVENT_BLENDTYPE=0
EVENT_TRIGGER_TYPE=2
EVENT_CONDITION_0_USE=33
EVENT_CONDITION_TARGET_0=2000032
EVENT_CONDITION_VALUE_0=1
EVENT_CONDITION_1_USE=32
EVENT_CONDITION_TARGET_1=1000000
EVENT_CONDITION_VALUE_1=0
EVENT_CONDITION_2_USE=32
EVENT_CONDITION_TARGET_2=1000000
EVENT_CONDITION_VALUE_2=0
EVENT_CONDITION_3_USE=32
EVENT_CONDITION_TARGET_3=1000000
EVENT_CONDITION_VALUE_3=0
ANIME_SPEED=3
MOVE_SPEED=3
MOVE_FREQUENCY=3
MOVE_TYPE=0
CHARA_OPTION_FLAG=35
ROUTE_OPTION_FLAG=2
ROUTE_COMMAND_NUM=0
OPTION_VAL_NUM=3
OPTION_VAL_0=0
OPTION_VAL_1=0
OPTION_VAL_2=0
COMMAND_NUM=3
--
WoditorEvCOMMAND_START
[121][4,0]<0>(2000032,1,0,0)()
[201][1,0]<0>(-1)()(2,[18])
[0][0,0]<0>()()
WoditorEvCOMMAND_END
--
[COMMAND_TEXT_START]
■変数操作: V32[イージーモード] = 1 + 0 
■動作指定：[ｽｷｯﾌﾟ]  このイベント / 主人公から離れる
■
[COMMAND_TEXT_END]
-----
EVENT_ID=4
EVENT_NAME=CharaChip/[ウ]死体01.png
EVENT_X=36
EVENT_Y=13
EVENT_PAGE=1
OPTION_DATA_NUM=0
EVENT_PAGE_NUM=1
EVENT_PAGE=0
EVENT_TILE_ID=-1
GRAPHIC_FILENAME=CharaChip/[ウ]死体01.png
EVENT_DIRECTION=4
EVENT_PATTERN=1
EVENT_OPACITY=255
EVENT_BLENDTYPE=0
EVENT_TRIGGER_TYPE=0
EVENT_CONDITION_0_USE=32
EVENT_CONDITION_TARGET_0=1000000
EVENT_CONDITION_VALUE_0=0
EVENT_CONDITION_1_USE=32
EVENT_CONDITION_TARGET_1=1000000
EVENT_CONDITION_VALUE_1=0
EVENT_CONDITION_2_USE=32
EVENT_CONDITION_TARGET_2=1000000
EVENT_CONDITION_VALUE_2=0
EVENT_CONDITION_3_USE=32
EVENT_CONDITION_TARGET_3=1000000
EVENT_CONDITION_VALUE_3=0
ANIME_SPEED=3
MOVE_SPEED=3
MOVE_FREQUENCY=3
MOVE_TYPE=0
CHARA_OPTION_FLAG=40
ROUTE_OPTION_FLAG=2
ROUTE_COMMAND_NUM=0
OPTION_VAL_NUM=3
OPTION_VAL_0=0
OPTION_VAL_1=0
OPTION_VAL_2=0
COMMAND_NUM=1
--
WoditorEvCOMMAND_START
[0][0,0]<0>()()
WoditorEvCOMMAND_END
--
[COMMAND_TEXT_START]
■
[COMMAND_TEXT_END]
-----
EVENT_ID=5
EVENT_NAME=CharaChip/[ウ]死体01.png
EVENT_X=36
EVENT_Y=13
EVENT_PAGE=2
OPTION_DATA_NUM=0
EVENT_PAGE_NUM=2
EVENT_PAGE=0
EVENT_TILE_ID=-1
GRAPHIC_FILENAME=
EVENT_DIRECTION=4
EVENT_PATTERN=1
EVENT_OPACITY=255
EVENT_BLENDTYPE=0
EVENT_TRIGGER_TYPE=3
EVENT_CONDITION_0_USE=32
EVENT_CONDITION_TARGET_0=1000000
EVENT_CONDITION_VALUE_0=0
EVENT_CONDITION_1_USE=32
EVENT_CONDITION_TARGET_1=1000000
EVENT_CONDITION_VALUE_1=0
EVENT_CONDITION_2_USE=32
EVENT_CONDITION_TARGET_2=1000000
EVENT_CONDITION_VALUE_2=0
EVENT_CONDITION_3_USE=32
EVENT_CONDITION_TARGET_3=1000000
EVENT_CONDITION_VALUE_3=0
ANIME_SPEED=3
MOVE_SPEED=3
MOVE_FREQUENCY=3
MOVE_TYPE=0
CHARA_OPTION_FLAG=40
ROUTE_OPTION_FLAG=2
ROUTE_COMMAND_NUM=0
OPTION_VAL_NUM=3
OPTION_VAL_0=0
OPTION_VAL_1=12
OPTION_VAL_2=12
COMMAND_NUM=9
--
WoditorEvCOMMAND_START
[210][4,0]<0>(500694,2,0,-1)()
[140][7,1]<0>(33554432,30,0,0,0,100,0)("")
[180][1,0]<0>(36)()
[101][0,1]<0>()("@9<\n> ！！！\.\.\^")
[140][6,1]<0>(33554464,30,0,0,100,100)("nobihazaSE/ケルベロス声2.ogg")
[140][7,1]<0>(33554432,30,0,0,100,100,0)("nobihazaBGM/緊急事態.mid")
[121][4,0]<0>(2000057,1,0,0)()
[210][4,0]<0>(500694,2,1,-1)()
[0][0,0]<0>()()
WoditorEvCOMMAND_END
--
[COMMAND_TEXT_START]
■イベントの挿入： コモン694：[ スクリーンカットコモン ] / 0:表示 / -1
■サウンド：BGM ﾌｧｲﾙ[] 音 0％ 周 100％ ﾙ 0ms 再生 / 処理時間:30ﾌﾚｰﾑ
■ウェイト：36 フレーム
■文章:@9\n ！！！\.\.\^
■サウンド：SE ﾌｧｲﾙ[nobihazaSE/ケルベロス声2.ogg] 音 100％ 周 100％ (0 ﾁｬﾝﾈﾙ) 再生 / 遅延：30ﾌﾚｰﾑ
■サウンド：BGM ﾌｧｲﾙ[nobihazaBGM/緊急事態.mid] 音 100％ 周 100％ ﾙ 0ms 再生 / 処理時間:30ﾌﾚｰﾑ
■変数操作: V57[ケルベロス] = 1 + 0 
■イベントの挿入： コモン694：[ スクリーンカットコモン ] / 1:消去 / -1
■
[COMMAND_TEXT_END]
EVENT_PAGE=1
EVENT_TILE_ID=-1
GRAPHIC_FILENAME=
EVENT_DIRECTION=2
EVENT_PATTERN=1
EVENT_OPACITY=255
EVENT_BLENDTYPE=0
EVENT_TRIGGER_TYPE=0
EVENT_CONDITION_0_USE=33
EVENT_CONDITION_TARGET_0=2000057
EVENT_CONDITION_VALUE_0=1
EVENT_CONDITION_1_USE=32
EVENT_CONDITION_TARGET_1=1000000
EVENT_CONDITION_VALUE_1=0
EVENT_CONDITION_2_USE=32
EVENT_CONDITION_TARGET_2=1000000
EVENT_CONDITION_VALUE_2=0
EVENT_CONDITION_3_USE=32
EVENT_CONDITION_TARGET_3=1000000
EVENT_CONDITION_VALUE_3=0
ANIME_SPEED=3
MOVE_SPEED=3
MOVE_FREQUENCY=3
MOVE_TYPE=0
CHARA_OPTION_FLAG=35
ROUTE_OPTION_FLAG=2
ROUTE_COMMAND_NUM=0
OPTION_VAL_NUM=3
OPTION_VAL_0=0
OPTION_VAL_1=0
OPTION_VAL_2=0
COMMAND_NUM=1
--
WoditorEvCOMMAND_START
[0][0,0]<0>()()
WoditorEvCOMMAND_END
--
[COMMAND_TEXT_START]
■
[COMMAND_TEXT_END]
-----
EVENT_ID=6
EVENT_NAME=CharaChip/透明.png
EVENT_X=36
EVENT_Y=10
EVENT_PAGE=1
OPTION_DATA_NUM=0
EVENT_PAGE_NUM=1
EVENT_PAGE=0
EVENT_TILE_ID=-1
GRAPHIC_FILENAME=CharaChip/透明.png
EVENT_DIRECTION=2
EVENT_PATTERN=1
EVENT_OPACITY=255
EVENT_BLENDTYPE=0
EVENT_TRIGGER_TYPE=3
EVENT_CONDITION_0_USE=32
EVENT_CONDITION_TARGET_0=2000014
EVENT_CONDITION_VALUE_0=0
EVENT_CONDITION_1_USE=32
EVENT_CONDITION_TARGET_1=1000000
EVENT_CONDITION_VALUE_1=0
EVENT_CONDITION_2_USE=32
EVENT_CONDITION_TARGET_2=1000000
EVENT_CONDITION_VALUE_2=0
EVENT_CONDITION_3_USE=32
EVENT_CONDITION_TARGET_3=1000000
EVENT_CONDITION_VALUE_3=0
ANIME_SPEED=3
MOVE_SPEED=3
MOVE_FREQUENCY=3
MOVE_TYPE=0
CHARA_OPTION_FLAG=35
ROUTE_OPTION_FLAG=2
ROUTE_COMMAND_NUM=0
OPTION_VAL_NUM=3
OPTION_VAL_0=0
OPTION_VAL_1=8
OPTION_VAL_2=0
COMMAND_NUM=3
--
WoditorEvCOMMAND_START
[151][2,0]<0>(5921370,30)()
[130][5,0]<0>(-1,24,30,10,32)()
[0][0,0]<0>()()
WoditorEvCOMMAND_END
--
[COMMAND_TEXT_START]
■色調変更： R90 G90 B90 / 30ﾌﾚｰﾑ
■場所移動：主人公 ▲マップID10[南舎1F 児童入口前] X:24 Y:30  [ﾄﾗﾝｼﾞｼｮﾝ + 暗転有り]
■
[COMMAND_TEXT_END]
